1	27
10	6
100	9
1005	3
1008	3
101	33
1015	3
102	3
1023	3
1025	3
1028	3
103	9
104	18
105	6
1050	3
1056	3
106	3
107	18
108	6
1080	3
109	18
1092	3
1096	3
110	33
111	9
1113	3
1117	3
1119	3
112	6
113	24
1131	3
1135	3
1137	6
1139	3
114	9
115	9
1153	3
116	15
117	6
1170	3
1173	3
118	6
1185	3
1186	3
119	24
1191	3
12	12
120	6
121	9
122	9
123	6
124	3
125	21
126	9
127	12
128	18
129	3
1299	3
130	9
131	18
1312	3
132	9
1320	3
133	15
134	33
135	9
136	15
137	15
138	9
139	6
140	24
1400	3
141	6
142	6
143	6
144	3
145	3
1452	3
1456	3
146	12
148	6
149	15
15	9
150	3
1500	3
151	9
152	12
153	12
154	3
155	21
156	33
157	12
158	9
1582	3
159	15
16	3
160	3
161	6
162	18
163	6
164	3
165	24
166	9
167	12
168	9
169	6
17	3
1700	3
171	9
1710	3
1719	3
173	3
174	12
175	9
1752	3
176	3
177	21
178	6
179	6
18	18
180	9
1802	3
181	6
182	12
183	12
185	15
1859	3
186	12
187	6
188	6
1889	3
189	12
19	6
1900	3
191	6
192	18
194	12
195	9
196	6
197	3
198	12
1983	3
199	9
2	6
20	6
200	3
2006	3
201	12
202	9
203	3
2030	3
204	6
205	6
2053	3
206	3
207	6
208	6
209	6
21	18
210	12
211	9
212	9
213	9
214	9
216	6
217	6
219	6
22	3
220	9
221	6
223	9
224	6
225	9
226	18
227	3
229	9
23	3
230	9
231	6
2314	3
232	9
233	3
235	6
236	3
237	9
238	6
239	9
2399	3
24	12
240	6
241	9
242	15
244	18
245	12
246	9
247	3
249	3
2499	3
250	18
251	3
252	9
253	6
254	3
256	15
258	6
259	9
26	3
260	3
261	9
262	3
264	9
265	12
266	6
267	3
268	9
269	9
27	12
270	9
271	15
272	3
273	6
274	6
275	3
277	12
278	3
279	3
28	21
280	12
281	6
282	9
287	9
288	9
289	3
292	3
293	6
294	6
295	6
296	6
299	12
3	36
30	3
300	6
301	6
302	6
304	9
305	6
306	9
307	3
308	3
309	6
31	6
310	3
311	3
312	3
314	12
315	3
316	3
317	9
318	6
32	12
320	9
326	3
327	6
328	3
329	12
33	12
330	3
331	3
332	6
334	9
335	12
338	3
34	18
341	3
342	6
343	9
345	6
347	6
348	3
349	6
35	6
350	3
351	6
353	3
354	3
358	3
359	6
36	6
360	3
361	3
362	6
363	3
364	3
366	3
367	3
37	21
370	3
372	3
373	3
375	18
376	3
377	3
378	6
379	3
38	9
381	9
382	3
383	3
384	6
385	3
386	3
387	3
388	3
39	3
390	6
392	6
393	3
394	6
395	3
396	12
399	9
4	15
40	9
400	3
401	3
402	6
404	3
405	6
409	3
41	9
412	6
415	3
418	6
421	3
424	6
425	6
426	3
43	15
430	3
432	3
44	3
442	3
448	3
450	6
451	6
454	6
456	6
458	3
46	18
460	6
461	9
463	6
464	3
465	3
47	9
479	3
480	3
481	3
49	21
491	3
493	3
494	6
497	3
498	3
5	6
50	9
503	3
504	3
506	3
51	6
515	3
516	3
52	24
520	3
521	3
522	6
525	3
527	3
53	6
531	3
534	9
537	6
538	3
54	3
540	3
545	3
548	3
549	3
55	6
550	3
554	3
557	3
56	9
564	3
567	3
57	3
570	3
58	21
582	3
585	3
588	3
59	6
591	6
596	3
599	3
6	15
60	3
601	3
607	3
61	27
615	3
616	6
618	3
619	6
62	3
621	3
625	3
63	6
630	6
631	3
633	3
638	3
64	15
640	6
641	3
645	3
647	3
65	6
650	6
651	6
653	6
664	3
665	3
67	18
68	3
681	3
684	3
694	3
70	12
705	3
707	3
709	3
71	3
710	6
712	6
716	3
72	6
720	3
723	3
725	3
727	3
73	15
730	6
733	3
737	6
74	6
741	6
745	3
746	3
748	3
75	3
750	9
756	3
76	24
762	3
765	3
768	3
776	3
78	6
780	6
781	3
785	3
79	18
796	3
8	3
80	3
800	3
802	3
81	9
817	3
82	24
820	6
824	3
831	3
832	3
835	3
837	3
839	3
84	15
841	3
845	3
85	15
850	3
858	3
87	9
871	3
872	6
875	3
876	3
88	24
880	3
881	3
885	3
89	9
9	18
900	3
902	6
91	9
910	3
919	6
92	24
925	3
927	3
93	9
930	6
936	3
94	3
940	3
946	3
95	24
959	3
96	3
97	6
972	3
98	9
982	3
99	18
